%YAML:1.0
pyramid_levels: 2
T: [ 5, 8 ]
modalities:
   -
      type: ColorGradient
      weak_threshold: 10.
      num_features: 63
      strong_threshold: 55.
classes:
   -
      class_id: "pie,0"
      modalities: [ ColorGradient ]
      pyramid_levels: 2
      template_pyramids:
         -
            template_id: 0
            templates:
               -
                  width: 302
                  height: 104
                  pyramid_level: 0
                  features:
                     - [ 18, 50, 4 ]
                     - [ 90, 50, 4 ]
                     - [ 150, 25, 4 ]
                     - [ 199, 66, 5 ]
                     - [ 289, 26, 4 ]
                     - [ 268, 88, 4 ]
                     - [ 228, 12, 5 ]
                     - [ 55, 102, 4 ]
                     - [ 54, 0, 4 ]
                     - [ 139, 84, 4 ]
                     - [ 105, 0, 4 ]
                     - [ 4, 98, 1 ]
                     - [ 8, 5, 0 ]
                     - [ 225, 102, 3 ]
                     - [ 185, 0, 4 ]
                     - [ 252, 47, 0 ]
                     - [ 302, 65, 0 ]
                     - [ 187, 104, 4 ]
                     - [ 89, 87, 3 ]
                     - [ 54, 61, 4 ]
                     - [ 263, 1, 4 ]
                     - [ 301, 100, 3 ]
                     - [ 126, 51, 7 ]
                     - [ 199, 32, 5 ]
                     - [ 163, 57, 5 ]
                     - [ 67, 29, 4 ]
                     - [ 233, 72, 2 ]
                     - [ 134, 0, 4 ]
                     - [ 26, 77, 2 ]
                     - [ 39, 31, 1 ]
                     - [ 118, 25, 4 ]
                     - [ 168, 84, 4 ]
                     - [ 222, 48, 0 ]
                     - [ 93, 25, 4 ]
                     - [ 112, 77, 5 ]
                     - [ 175, 25, 4 ]
                     - [ 1, 73, 0 ]
                     - [ 3, 30, 0 ]
                     - [ 160, 0, 4 ]
                     - [ 79, 0, 4 ]
                     - [ 29, 103, 4 ]
                     - [ 290, 1, 4 ]
                     - [ 271, 64, 6 ]
                     - [ 249, 103, 4 ]
                     - [ 208, 0, 4 ]
                     - [ 31, 0, 4 ]
                     - [ 253, 25, 5 ]
                     - [ 64, 81, 2 ]
                     - [ 301, 44, 0 ]
                     - [ 275, 43, 3 ]
                     - [ 183, 50, 0 ]
                     - [ 211, 86, 1 ]
                     - [ 74, 62, 4 ]
                     - [ 253, 73, 5 ]
                     - [ 143, 62, 4 ]
                     - [ 291, 82, 0 ]
                     - [ 108, 42, 1 ]
                     - [ 42, 88, 4 ]
                     - [ 187, 82, 4 ]
                     - [ 74, 99, 2 ]
                     - [ 244, 0, 4 ]
                     - [ 282, 101, 3 ]
                     - [ 21, 25, 4 ]
               -
                  width: 151
                  height: 52
                  pyramid_level: 1
                  features:
                     - [ 9, 25, 4 ]
                     - [ 47, 25, 4 ]
                     - [ 145, 13, 4 ]
                     - [ 78, 41, 4 ]
                     - [ 106, 10, 2 ]
                     - [ 106, 45, 2 ]
                     - [ 134, 44, 4 ]
                     - [ 79, 0, 4 ]
                     - [ 27, 3, 3 ]
                     - [ 27, 51, 4 ]
                     - [ 52, 0, 4 ]
                     - [ 4, 1, 2 ]
                     - [ 4, 50, 4 ]
                     - [ 127, 0, 4 ]
                     - [ 89, 23, 0 ]
                     - [ 119, 27, 4 ]
                     - [ 151, 33, 0 ]
                     - [ 66, 16, 4 ]
                     - [ 59, 41, 5 ]
                     - [ 29, 29, 5 ]
                     - [ 42, 44, 4 ]
                     - [ 150, 49, 2 ]
                     - [ 94, 0, 4 ]
                     - [ 133, 27, 0 ]
                     - [ 36, 14, 5 ]
                     - [ 102, 30, 0 ]
                     - [ 120, 43, 4 ]
                     - [ 92, 41, 4 ]
                     - [ 68, 30, 4 ]
                     - [ 17, 37, 6 ]
                     - [ 18, 14, 1 ]
         -
            template_id: 1
            templates:
               -
                  width: 285
                  height: 126
                  pyramid_level: 0
                  features:
                     - [ 93, 47, 4 ]
                     - [ 19, 47, 4 ]
                     - [ 272, 23, 4 ]
                     - [ 180, 70, 3 ]
                     - [ 268, 90, 4 ]
                     - [ 170, 2, 4 ]
                     - [ 80, 115, 2 ]
                     - [ 145, 124, 4 ]
                     - [ 210, 122, 4 ]
                     - [ 56, 3, 4 ]
                     - [ 223, 1, 4 ]
                     - [ 4, 98, 1 ]
                     - [ 132, 77, 4 ]
                     - [ 223, 49, 4 ]
                     - [ 54, 77, 4 ]
                     - [ 7, 3, 3 ]
                     - [ 134, 30, 7 ]
                     - [ 229, 88, 6 ]
                     - [ 189, 34, 0 ]
                     - [ 284, 57, 0 ]
                     - [ 264, 126, 2 ]
                     - [ 114, 108, 4 ]
                     - [ 176, 108, 4 ]
                     - [ 86, 79, 3 ]
                     - [ 250, 63, 7 ]
                     - [ 46, 32, 1 ]
                     - [ 160, 45, 7 ]
                     - [ 0, 69, 0 ]
                     - [ 253, 1, 4 ]
                     - [ 200, 91, 2 ]
                     - [ 32, 95, 5 ]
                     - [ 247, 36, 4 ]
                     - [ 73, 28, 7 ]
                     - [ 53, 119, 4 ]
                     - [ 237, 118, 4 ]
                     - [ 65, 53, 3 ]
                     - [ 106, 24, 4 ]
                     - [ 119, 53, 7 ]
                     - [ 197, 2, 4 ]
                     - [ 156, 91, 4 ]
                     - [ 2, 28, 1 ]
                     - [ 145, 2, 4 ]
                     - [ 32, 12, 2 ]
                     - [ 31, 69, 4 ]
                     - [ 109, 74, 4 ]
                     - [ 153, 66, 3 ]
                     - [ 201, 53, 5 ]
                     - [ 169, 24, 2 ]
                     - [ 224, 23, 7 ]
                     - [ 279, 2, 5 ]
                     - [ 66, 96, 4 ]
                     - [ 285, 77, 0 ]
                     - [ 99, 123, 4 ]
                     - [ 45, 52, 6 ]
                     - [ 131, 97, 6 ]
                     - [ 268, 43, 0 ]
                     - [ 216, 68, 2 ]
                     - [ 95, 101, 7 ]
                     - [ 138, 49, 0 ]
                     - [ 249, 94, 4 ]
                     - [ 164, 123, 4 ]
                     - [ 190, 122, 5 ]
                     - [ 275, 108, 2 ]
               -
                  width: 142
                  height: 63
                  pyramid_level: 1
                  features:
                     - [ 46, 12, 4 ]
                     - [ 137, 12, 4 ]
                     - [ 4, 24, 4 ]
                     - [ 72, 37, 4 ]
                     - [ 99, 10, 2 ]
                     - [ 32, 41, 4 ]
                     - [ 115, 39, 5 ]
                     - [ 94, 61, 5 ]
                     - [ 133, 62, 2 ]
                     - [ 54, 60, 3 ]
                     - [ 73, 1, 4 ]
                     - [ 20, 5, 4 ]
                     - [ 9, 48, 4 ]
                     - [ 141, 36, 0 ]
                     - [ 93, 34, 3 ]
                     - [ 52, 35, 5 ]
                     - [ 74, 62, 3 ]
                     - [ 116, 1, 4 ]
                     - [ 81, 19, 0 ]
                     - [ 114, 59, 4 ]
                     - [ 30, 60, 4 ]
                     - [ 22, 25, 6 ]
                     - [ 115, 19, 6 ]
                     - [ 63, 19, 7 ]
                     - [ 3, 2, 2 ]
                     - [ 127, 28, 6 ]
                     - [ 83, 50, 4 ]
                     - [ 39, 28, 3 ]
                     - [ 32, 13, 4 ]
                     - [ 88, 1, 4 ]
                     - [ 42, 52, 4 ]
